00001000000000100000000000000000
00000100000000010000000000001010
00001000000000110000000000000001
11111100000000000000000000000000
11111100000000000000000000000000
11111100000000000000000000000000
00000000010000110010000000000000
00000000010000110100000000000010
01000000000000000000000000001100
11111100000000000000000000000000
11111100000000000000000000000000
11111100000000000000000000000000
00000000100000110010100000000001
00001100000001010000000000000100
00001000000001100000000000000111
00000000010000110100100000000011
00000000110001010011100000100000
11111100000000000000000000000000
11111100000000000000000000000000
00100000010001010000000000000101
11111100000000000000000000000000
11111100000000000000000000000000
11111100000000000000000000000000
11111100000000000000000000000000
11111100000000000000000000000000
00000000110001010101000000100000
11111100000000000000000000000000







